Time [us]	Pos_Setpoint	Pos_Position	Error	PID_Latch	Pos_Output	Current [mA]	Output Speed [deg/s]
0	450	448.44	1.5625	1	7	-13.6	0
1667	450	448.44	1.5625	1	7	2.6	0
3356	450	448.44	1.5625	1	7	5.2	0
5048	450	448.44	1.5625	1	7	5	0
6690	450	448.44	1.5625	1	7	5.4	0
8375	450	448.44	1.5625	1	7	5	0
10048	450	448.44	1.5625	1	7	4.7	0
11709	450	448.44	1.5625	1	7	4.3	0
13385	450	448.44	1.5625	1	7	3.6	0
15069	450	448.44	1.5625	1	7	3.1	0
16721	450	448.44	1.5625	1	7	2.7	0
18407	450	448.44	1.5625	1	7	2.2	0
20096	450	448.44	1.5625	1	7	1.6	0
21767	450	448.44	1.5625	1	7	1.1	0
23440	450	448.44	1.5625	1	7	0.9	0
25161	450	448.44	1.5625	1	7	0.5	0
26805	450	448.44	1.5625	1	7	0.1	0
28490	450	448.44	1.5625	1	7	-0.4	0
30201	450	448.44	1.5625	1	7	-0.2	0
31886	450	448.44	1.5625	1	7	-0.1	0
33568	450	448.44	1.5625	1	7	0	0
35271	450	448.44	1.5625	1	7	0.1	0
36928	450	448.44	1.5625	1	7	-0.2	0
38598	450	448.44	1.5625	1	7	-0.1	0
40307	450	448.44	1.5625	1	7	-0.2	0
41989	450	448.44	1.5625	1	7	-0.2	0
43675	450	448.44	1.5625	1	7	-0.1	0
45363	450	448.44	1.5625	1	7	-0.3	0
47081	450	448.44	1.5625	1	7	-0.5	0
48774	450	448.44	1.5625	1	7	-0.4	0
50430	450	448.44	1.5625	1	7	-0.2	0
52169	450	448.44	1.5625	1	7	-0.2	0
53859	450	448.44	1.5625	1	7	-0.3	0
55555	450	448.44	1.5625	1	7	-0.4	0
57283	450	448.44	1.5625	1	7	-0.2	0
58954	450	448.44	1.5625	1	7	-0.3	0
60639	450	448.44	1.5625	1	7	-0.3	0
62331	450	448.44	1.5625	1	7	-0.2	0
64017	450	448.44	1.5625	1	7	-0.3	0
65714	450	448.44	1.5625	1	7	-0.1	0
67405	450	448.44	1.5625	1	7	-0.1	0
69140	450	448.44	1.5625	1	7	0.1	0
70814	450	448.44	1.5625	1	7	-0.3	0
72470	450	448.44	1.5625	1	7	-0.2	0
74244	450	448.44	1.5625	1	7	-0.3	0
75903	450	448.44	1.5625	1	7	0	0
77533	450	448.44	1.5625	1	7	-0.4	0
79274	450	448.44	1.5625	1	7	-0.3	0
80959	450	448.44	1.5625	1	7	-0.2	0
82611	450	448.44	1.5625	1	7	-0.3	0
84327	450	448.44	1.5625	1	7	-0.3	0
86041	450	448.44	1.5625	1	7	-0.2	0
87764	450	448.44	1.5625	1	7	-0.2	0
89435	450	448.44	1.5625	1	7	-0.5	0
91174	450	448.44	1.5625	1	7	-0.1	0
92850	450	448.44	1.5625	1	7	-0.3	0
94497	450	448.44	1.5625	1	7	-0.3	0
96240	450	448.44	1.5625	1	7	-0.1	0
97894	450	448.44	1.5625	1	7	0	0
99531	450	448.44	1.5625	1	7	-0.1	0
101267	450	448.44	1.5625	1	7	-0.3	0
102941	450	448.44	1.5625	1	7	0	0
104597	450	448.44	1.5625	1	7	-0.5	0
106337	450	448.44	1.5625	1	7	-0.2	0
108038	450	448.44	1.5625	1	7	-0.3	0
109711	450	448.44	1.5625	1	7	-0.3	0
111398	450	448.44	1.5625	1	7	-0.3	0
113142	450	448.44	1.5625	1	7	-0.5	0
114795	450	448.44	1.5625	1	7	-0.4	0
116502	450	448.44	1.5625	1	7	-0.3	0
118222	450	448.44	1.5625	1	7	-0.2	0
119877	450	448.44	1.5625	1	7	-0.3	0
121569	450	448.44	1.5625	1	7	-0.5	0
123335	450	448.44	1.5625	1	7	-0.3	0
125040	450	448.44	1.5625	1	7	-0.4	0
126690	450	448.44	1.5625	1	7	-0.3	0
128394	450	448.44	1.5625	1	7	-0.5	0
130144	450	448.44	1.5625	1	7	-0.1	0
131798	450	448.44	1.5625	1	7	-0.2	0
133457	450	448.44	1.5625	1	7	-0.6	0
135199	450	448.44	1.5625	1	7	-0.3	0
136847	450	448.44	1.5625	1	7	-0.3	0
138531	450	448.44	1.5625	1	7	-0.2	0
140274	450	448.44	1.5625	1	7	-0.3	0
141937	450	448.44	1.5625	1	7	-0.4	0
143595	450	448.44	1.5625	1	7	-0.3	0
145328	450	448.44	1.5625	1	7	-0.1	0
147015	450	448.44	1.5625	1	7	-0.1	0
148708	450	448.44	1.5625	1	7	-0.2	0
150394	450	448.44	1.5625	1	7	-0.3	0
152126	450	448.44	1.5625	1	7	-0.4	0
153799	450	448.44	1.5625	1	7	-0.2	0
155453	450	448.44	1.5625	1	7	-0.3	0
157234	450	448.44	1.5625	1	7	-0.1	0
158890	450	448.44	1.5625	1	7	-0.3	0
160571	450	448.44	1.5625	1	7	-0.2	0
162286	450	448.44	1.5625	1	7	0	0
163935	450	448.44	1.5625	1	7	-0.4	0
165616	450	448.44	1.5625	1	7	-0.2	0
167346	450	448.44	1.5625	1	7	-0.1	0
169039	450	448.44	1.5625	1	7	0	0
170707	450	448.44	1.5625	1	7	-0.2	0
172395	450	448.44	1.5625	1	7	-0.1	0
174125	450	448.44	1.5625	1	7	-0.3	0
175778	450	448.44	1.5625	1	7	-0.2	0
177434	450	448.44	1.5625	1	7	0	0
179137	450	448.44	1.5625	1	7	-0.2	0
180912	510	448.44	61.5625	0	255	-0.1	0
182586	510	448.44	61.5625	0	255	-241.1	0
184203	510	448.44	61.5625	0	255	-862	0
185825	510	449.22	60.7813	0	255	-1042	80.67
187471	510	450	60	0	255	-1021.7	79.98
189117	510	451.56	58.4375	0	255	-963.8	156.31
190754	510	452.34	57.6563	0	255	-1062.3	79.3
192388	510	453.91	56.0937	0	255	-849.2	160.36
194034	510	455.47	54.5312	0	255	-811.9	157.54
195672	510	457.81	52.1875	0	255	-914.8	239.35
197301	510	460.16	49.8438	0	255	-751.5	239.35
198920	510	462.5	47.5	0	255	-691.5	241.13
200555	510	464.84	45.1562	0	255	-765.5	238.48
202207	510	467.97	42.0312	0	255	-608.4	316.04
203828	510	470.31	39.6875	0	255	-646.4	241.13
205465	510	473.44	36.5625	0	255	-577.6	324.51
207137	510	477.34	32.6563	0	255	-640.6	380.95
208825	510	480.47	29.5313	1	147	-561.9	318.75
210536	510	484.37	25.625	1	-255	-102.9	382.52
212276	510	489.06	20.9375	1	-255	302	445.41
213946	510	492.19	17.8125	1	-255	1809.1	311.88
215635	510	495.31	14.6875	1	-255	1516.5	309.1
217347	510	497.66	12.3437	1	-198	1560.4	227.11
219070	510	500	10	1	-163	1667.4	228.04
220743	510	501.56	8.4375	1	-88	1227.8	155.38
222429	510	502.34	7.6562	1	-17	939.6	76.96
224190	510	503.13	6.875	1	-14	872.5	74.19
225863	510	503.91	6.0937	1	-12	303.7	77.6
227521	510	504.69	5.3125	1	-14	222.2	78.53
229247	510	504.69	5.3125	1	26	172.3	0
230890	510	504.69	5.3125	1	26	-10.9	0
232591	510	505.47	4.5312	1	-9	-83.1	78.34
234325	510	506.25	3.75	1	-11	89.3	73.52
236034	510	507.03	2.9687	1	-13	124	76.41
237726	510	507.03	2.9687	1	14	135.9	0
239386	510	507.81	2.1875	1	-14	16.6	77.78
241100	510	507.81	2.1875	1	10	88.5	0
242742	510	507.81	2.1875	1	10	46.4	0
244362	510	507.81	2.1875	1	10	-0.2	0
246052	510	507.81	2.1875	1	10	0	0
247767	510	508.59	1.4063	1	-12	-0.2	78.49
249441	510	508.59	1.4063	1	7	79.8	0
251174	510	508.59	1.4063	1	7	102.6	0
252832	510	508.59	1.4063	1	7	44.1	0
254486	510	508.59	1.4063	1	7	29.5	0
256206	510	508.59	1.4063	1	7	17.6	0
257871	510	509.38	0.625	1	-12	14	77.88
259549	510	509.38	0.625	1	3	8.5	0
261267	510	509.38	0.625	1	3	56.1	0
262929	510	509.38	0.625	1	3	17.8	0
264577	510	509.38	0.625	1	3	-1.4	0
266324	510	509.38	0.625	1	3	-2.5	0
268024	510	509.38	0.625	1	3	-2.5	0
269693	510	509.38	0.625	1	3	-1.8	0
271420	510	509.38	0.625	1	3	-1.2	0
273158	510	509.38	0.625	1	3	-0.3	0
274800	510	509.38	0.625	1	3	0	0
276452	510	509.38	0.625	1	3	-0.2	0
278198	510	509.38	0.625	1	3	0	0
279822	510	509.38	0.625	1	3	0	0
281492	510	509.38	0.625	1	3	-0.2	0
283233	510	509.38	0.625	1	3	-0.2	0
284926	510	509.38	0.625	1	3	-0.2	0
286586	510	509.38	0.625	1	3	-0.4	0
288319	510	509.38	0.625	1	3	-0.1	0
290023	510	509.38	0.625	1	3	-0.2	0
291685	510	509.38	0.625	1	3	-0.3	0
293376	510	509.38	0.625	1	3	-0.2	0
295099	510	509.38	0.625	1	3	-0.5	0
296734	510	509.38	0.625	1	3	-0.2	0
298429	510	509.38	0.625	1	3	-0.1	0
300185	510	509.38	0.625	1	3	-0.4	0
301818	510	509.38	0.625	1	3	-0.2	0
303504	510	509.38	0.625	1	3	-0.4	0
305233	510	509.38	0.625	1	3	-0.1	0
306899	510	509.38	0.625	1	3	-0.2	0
308584	510	509.38	0.625	1	3	-0.1	0
310320	510	509.38	0.625	1	3	-0.3	0
311968	510	509.38	0.625	1	3	-0.1	0
313655	510	509.38	0.625	1	3	-0.3	0
315373	510	509.38	0.625	1	3	-0.1	0
317137	510	509.38	0.625	1	3	-0.2	0
318794	510	509.38	0.625	1	3	-0.1	0
320509	510	509.38	0.625	1	3	-0.3	0
322253	510	509.38	0.625	1	3	-0.2	0
323915	510	509.38	0.625	1	3	-0.2	0
325580	510	509.38	0.625	1	3	-0.3	0
327280	510	509.38	0.625	1	3	-0.4	0
328927	510	509.38	0.625	1	3	-0.4	0
330604	510	509.38	0.625	1	3	0.1	0
332301	510	509.38	0.625	1	3	-0.5	0
333988	510	509.38	0.625	1	3	0.1	0
335651	510	509.38	0.625	1	3	-0.2	0
337380	510	509.38	0.625	1	3	-0.3	0
339089	510	509.38	0.625	1	3	-0.3	0
340783	510	509.38	0.625	1	3	-0.1	0
342494	510	509.38	0.625	1	3	0	0
344175	510	509.38	0.625	1	3	-0.2	0
345870	510	509.38	0.625	1	3	0	0
347529	510	509.38	0.625	1	3	-0.2	0
349246	510	509.38	0.625	1	3	-0.1	0
350898	510	509.38	0.625	1	3	-0.2	0
352592	510	509.38	0.625	1	3	0	0
354338	510	509.38	0.625	1	3	-0.2	0
356036	510	509.38	0.625	1	3	-0.2	0
357719	510	509.38	0.625	1	3	-0.2	0
359415	510	509.38	0.625	1	3	-0.3	0
361082	510	509.38	0.625	1	3	-0.5	0
362753	510	509.38	0.625	1	3	-0.3	0
364448	510	509.38	0.625	1	3	-0.4	0
366171	510	509.38	0.625	1	3	-0.3	0
367842	510	509.38	0.625	1	3	-0.3	0
369538	510	509.38	0.625	1	3	-0.1	0
371246	510	509.38	0.625	1	3	-0.2	0
372923	510	509.38	0.625	1	3	-0.3	0
374615	510	509.38	0.625	1	3	-0.4	0
376302	510	509.38	0.625	1	3	-0.2	0
377989	510	509.38	0.625	1	3	-0.3	0
379685	510	509.38	0.625	1	3	-0.4	0
381372	510	509.38	0.625	1	3	-0.3	0
383085	510	509.38	0.625	1	3	-0.2	0
384764	510	509.38	0.625	1	3	-0.3	0
386412	510	509.38	0.625	1	3	-0.5	0
388142	510	509.38	0.625	1	3	-0.3	0
389819	510	509.38	0.625	1	3	-0.2	0
391462	510	509.38	0.625	1	3	-0.1	0
393193	510	509.38	0.625	1	3	-0.5	0
394875	510	509.38	0.625	1	3	-0.3	0
396584	510	509.38	0.625	1	3	-0.3	0
398297	510	509.38	0.625	1	3	-0.1	0
399982	510	509.38	0.625	1	3	-0.2	0
401663	510	509.38	0.625	1	3	-0.3	0
403351	510	509.38	0.625	1	3	-0.1	0
405077	510	509.38	0.625	1	3	-0.1	0
406743	510	509.38	0.625	1	3	-0.2	0
408425	510	509.38	0.625	1	3	-0.2	0
410127	510	509.38	0.625	1	3	-0.2	0
411816	510	509.38	0.625	1	3	-0.2	0
413461	510	509.38	0.625	1	3	-0.2	0
415214	510	509.38	0.625	1	3	-0.4	0
416892	510	509.38	0.625	1	3	-0.2	0
418565	510	509.38	0.625	1	3	-0.2	0
420310	510	509.38	0.625	1	3	0	0
421989	510	509.38	0.625	1	3	-0.2	0
423642	510	509.38	0.625	1	3	-0.1	0
425347	510	509.38	0.625	1	3	-0.2	0
427061	510	509.38	0.625	1	3	-0.4	0
428778	510	509.38	0.625	1	3	-0.2	0
430458	510	509.38	0.625	1	3	-0.2	0
432307	690	509.38	180.625	0	255	-0.1	0
433949	690	509.38	180.625	0	255	-667.1	0
435578	690	509.38	180.625	0	255	-1156.8	0
437250	690	509.38	180.625	0	255	-1300	0
438855	690	510.16	179.8437	0	255	-1293.2	81.18
440460	690	510.94	179.0625	0	255	-938.8	80.82
442157	690	512.5	177.5	0	255	-919.2	155.01
443771	690	514.06	175.9375	0	255	-865.1	162.66
445429	690	515.62	174.375	0	255	-944.7	155.29
447124	690	517.97	172.0312	0	255	-749.6	229.78
448735	690	520.31	169.6875	0	255	-737.7	242.47
450379	690	522.66	167.3437	0	255	-686.1	237.03
452041	690	525	165	0	255	-648.4	234.75
453642	690	528.13	161.875	0	255	-638.4	326.34
455325	690	531.25	158.75	0	255	-595.5	308.73
456968	690	534.38	155.625	0	255	-555.1	317.97
458586	690	537.5	152.5	0	255	-512.7	320.51
460273	690	541.41	148.5937	0	255	-501.9	386.83
461908	690	545.31	144.6875	0	255	-497	396.98
463521	690	548.44	141.5625	0	255	-445.6	323.7
465211	690	552.34	137.6562	0	255	-402.7	386.15
466825	690	556.25	133.75	0	255	-489.5	403.87
468444	690	560.94	129.0625	0	255	-443.4	482.85
470132	690	564.84	125.1563	0	255	-371.4	383.42
471744	690	569.53	120.4687	0	255	-319.3	490.73
473371	690	573.44	116.5625	0	255	-388.2	396.25
475045	690	578.12	111.875	0	255	-407.2	470.63
476633	690	582.81	107.1875	0	255	-301.9	487.06
478310	690	587.5	102.5	0	255	-262	465.86
479918	690	592.19	97.8125	0	255	-327.1	484.95
481546	690	596.88	93.125	0	255	-297.3	481.96
483240	690	601.56	88.4375	0	255	-247.2	462.28
484845	690	606.25	83.75	0	255	-290.9	485.25
486481	690	610.94	79.0625	0	255	-229.2	478.12
488156	690	617.19	72.8125	0	255	-205.7	623.38
489765	690	621.09	68.9063	0	255	-217.6	404.37
491395	690	626.56	63.4375	0	255	-177.8	556.79
493068	690	632.03	57.9687	0	255	-221.3	550.4
494712	690	636.72	53.2812	0	255	-156.9	470.07
496303	690	642.19	47.8125	0	255	-126.2	572.88
497900	690	646.88	43.125	0	255	-159.8	492.28
499515	690	652.34	37.6563	0	255	-89.9	563.32
501214	690	657.81	32.1875	0	255	-113.3	544.15
502842	690	662.5	27.5	1	137	-147.8	485.85
504535	690	667.97	22.0312	1	-255	-126.9	539.96
506296	690	673.44	16.5625	1	-255	1477.2	518.76
507976	690	678.91	11.0937	1	-255	1647.9	539.32
509637	690	682.81	7.1875	1	-255	1615.1	393.38
511370	690	687.5	2.5	1	-255	1741.2	448.48
513082	690	690.62	-0.625	1	-255	1553.6	305.47
514754	690	693.75	-3.75	1	-255	1653.2	310.02
516448	690	696.09	-6.0938	1	-210	1381.9	230.05
518197	690	698.44	-8.4375	1	-198	1379.1	224.11
519952	690	700	-10	1	-141	1084.4	154.83
521633	690	701.56	-11.5625	1	-144	985.4	148.81
523371	690	701.56	-11.5625	1	-57	955.2	0
525061	690	702.34	-12.3438	1	-97	893.7	75.97
526750	690	703.13	-13.125	1	-99	492.4	77.41
528460	690	703.13	-13.125	1	-65	514.4	0
530199	690	703.13	-13.125	1	-65	439.1	0
531887	690	703.13	-13.125	1	-65	306.3	0
533593	690	702.34	-12.3438	1	-35	238.3	-76.5
535384	690	701.56	-11.5625	1	-33	169.1	-74.15
537090	690	701.56	-11.5625	1	-57	122.2	0
538785	690	701.56	-11.5625	1	-57	96.6	0
540470	690	700	-10	1	-7	192.9	-154.37
542197	690	700	-10	1	-50	189.9	0
543878	690	698.44	-8.4375	1	-4	5.9	-155.29
545597	690	698.44	-8.4375	1	-42	53.5	0
547327	690	698.44	-8.4375	1	-42	-73.3	0
549070	690	696.88	-6.875	1	0	23.8	-150.1
550759	690	696.88	-6.875	1	-34	96.9	0
552489	690	696.09	-6.0938	1	-14	-23	-77.74
554256	690	695.31	-5.3125	1	-11	62	-71.7
555970	690	695.31	-5.3125	1	-26	-36.5	0
557691	690	694.53	-4.5312	1	-8	-59.5	-76.01
559401	690	693.75	-3.75	1	-4	-17.4	-76.01
561157	690	692.97	-2.9688	1	-1	-62.2	-74.4
562884	690	692.19	-2.1875	1	2	-74.3	-75.31
564611	690	692.19	-2.1875	1	-10	-97.1	0
566354	690	692.19	-2.1875	1	-10	-97.4	0
568088	690	691.41	-1.4063	1	4	-33.3	-75.26
569799	690	690.62	-0.625	1	8	-31.6	-76.37
571498	690	690.62	-0.625	1	-3	-59.9	0
573267	690	689.84	0.1562	1	11	-67.3	-73.19
574941	690	689.84	0.1562	1	0	-435.8	0
576628	690	689.84	0.1562	1	0	-127.2	0
578344	690	689.84	0.1562	1	0	-56.9	0
580045	690	689.84	0.1562	1	0	-10.5	0
581738	690	689.84	0.1562	1	0	-3	0
583393	690	689.84	0.1562	1	0	1.8	0
585090	690	689.84	0.1562	1	0	3.5	0
586757	690	689.84	0.1562	1	0	3.9	0
588421	690	689.84	0.1562	1	0	4.5	0
590148	690	689.84	0.1562	1	0	4.6	0
591814	690	689.84	0.1562	1	0	4.6	0
593465	690	689.84	0.1562	1	0	4.6	0
595181	690	689.84	0.1562	1	0	4.9	0
596860	690	689.84	0.1562	1	0	4.3	0
598526	690	689.84	0.1562	1	0	4.3	0
600236	690	689.84	0.1562	1	0	3.9	0
601906	690	689.84	0.1562	1	0	4.1	0
603562	690	689.84	0.1562	1	0	3.9	0
605277	690	689.84	0.1562	1	0	3.7	0
606921	690	689.84	0.1562	1	0	3.3	0
608551	690	689.84	0.1562	1	0	2.8	0
610264	690	689.84	0.1562	1	0	2.5	0
611928	690	689.84	0.1562	1	0	2.2	0
613561	690	689.84	0.1562	1	0	1.9	0
615278	690	689.84	0.1562	1	0	1.4	0
616948	690	689.84	0.1562	1	0	1	0
618602	690	689.84	0.1562	1	0	0.5	0
620331	690	689.84	0.1562	1	0	0.7	0
622001	690	689.84	0.1562	1	0	0.2	0
623647	690	689.84	0.1562	1	0	0	0
625352	690	689.84	0.1562	1	0	-0.2	0
627024	690	689.84	0.1562	1	0	-0.1	0
628658	690	689.84	0.1562	1	0	-0.6	0
630383	690	689.84	0.1562	1	0	-0.4	0
632138	690	689.84	0.1562	1	0	-0.1	0
633797	690	689.84	0.1562	1	0	-0.5	0
635474	690	689.84	0.1562	1	0	-0.3	0
637209	690	689.84	0.1562	1	0	-0.3	0
638850	690	689.84	0.1562	1	0	-0.3	0
640511	690	689.84	0.1562	1	0	-0.2	0
642238	690	689.84	0.1562	1	0	-0.3	0
643892	690	689.84	0.1562	1	0	-0.2	0
645612	690	689.84	0.1562	1	0	-0.3	0
647344	690	689.84	0.1562	1	0	-0.2	0
648987	690	689.84	0.1562	1	0	-0.4	0
650666	690	689.84	0.1562	1	0	-0.4	0
652369	690	689.84	0.1562	1	0	-0.2	0
654118	690	689.84	0.1562	1	0	-0.1	0
655779	690	689.84	0.1562	1	0	-0.3	0
657459	690	689.84	0.1562	1	0	-0.3	0
659196	690	689.84	0.1562	1	0	-0.1	0
660815	690	689.84	0.1562	1	0	-0.3	0
662480	690	689.84	0.1562	1	0	-0.1	0
664215	690	689.84	0.1562	1	0	-0.3	0
665874	690	689.84	0.1562	1	0	-0.5	0
667550	690	689.84	0.1562	1	0	-0.3	0
669305	690	689.84	0.1562	1	0	-0.1	0
670974	690	689.84	0.1562	1	0	-0.1	0
672654	690	689.84	0.1562	1	0	-0.4	0
674387	690	689.84	0.1562	1	0	-0.1	0
676082	690	689.84	0.1562	1	0	-0.2	0
677750	690	689.84	0.1562	1	0	-0.4	0
679442	690	689.84	0.1562	1	0	-0.1	0
681150	690	689.84	0.1562	1	0	-0.2	0
682919	750	689.84	60.1562	0	255	-0.1	0
684554	750	689.84	60.1562	0	255	-84.3	0
686240	750	689.84	60.1562	0	255	-794.9	0
687846	750	690.62	59.375	0	255	-1049	81.23
689453	750	691.41	58.5937	0	255	-1032.8	81.43
691105	750	692.19	57.8125	0	255	-1031.3	78.58
692745	750	693.75	56.25	0	255	-1142.5	158.02
694370	750	695.31	54.6875	0	255	-858	160.16
695977	750	696.88	53.125	0	255	-820.2	162.25
697595	750	698.44	51.5625	0	255	-950	161.65
699252	750	701.56	48.4375	0	255	-759.8	313.57
700886	750	703.13	46.875	0	255	-701.5	160.26
702529	750	706.25	43.75	0	255	-819.2	318.16
704198	750	708.59	41.4063	0	255	-630.3	232.79
705807	750	711.72	38.2813	0	255	-636.9	322.9
707454	750	714.84	35.1563	0	255	-594.1	317.78
709091	750	717.97	32.0312	0	255	-522.6	315.47
710759	750	721.87	28.125	1	140	-570.8	401.63
712476	750	725.78	24.2187	1	-255	-366.2	385.69
714227	750	729.69	20.3125	1	-255	184.3	368.03
715904	750	732.81	17.1875	1	-255	1799.1	309.47
717632	750	735.94	14.0625	1	-255	1546	303.69
719346	750	739.06	10.9375	1	-255	1606.3	300.19
721058	750	741.41	8.5937	1	-170	1377.4	229.24
722725	750	742.19	7.8125	1	-26	1381.8	77.92
724416	750	743.75	6.25	1	-80	697.1	153.28
726105	750	744.53	5.4687	1	-21	489.7	77.64
727782	750	745.31	4.6875	1	-22	594.9	77.37
729445	750	745.31	4.6875	1	23	356.3	0
731171	750	746.09	3.9062	1	-17	-76	75.22
732854	750	746.09	3.9062	1	19	122.1	0
734508	750	746.88	3.125	1	-16	101.3	79.06
736245	750	747.66	2.3437	1	-18	108.8	74.75
737937	750	747.66	2.3437	1	11	126.5	0
739613	750	747.66	2.3437	1	11	66.2	0
741322	750	748.44	1.5625	1	-17	4	74.15
743027	750	748.44	1.5625	1	7	74.8	0
744702	750	748.44	1.5625	1	7	112.7	0
746377	750	748.44	1.5625	1	7	62.7	0
748087	750	748.44	1.5625	1	7	20.8	0
749751	750	748.44	1.5625	1	7	13.3	0
751404	750	748.44	1.5625	1	7	5.1	0
753121	750	748.44	1.5625	1	7	2	0
754808	750	748.44	1.5625	1	7	-1.6	0
756474	750	748.44	1.5625	1	7	-1.8	0
758218	750	748.44	1.5625	1	7	-1.5	0
759896	750	748.44	1.5625	1	7	-0.9	0
761559	750	748.44	1.5625	1	7	-0.9	0
763277	750	748.44	1.5625	1	7	-0.5	0
764956	750	748.44	1.5625	1	7	-0.4	0
766613	750	748.44	1.5625	1	7	-0.4	0
768332	750	748.44	1.5625	1	7	-0.5	0
770026	750	748.44	1.5625	1	7	-0.4	0
771699	750	748.44	1.5625	1	7	-0.2	0
773401	750	748.44	1.5625	1	7	-0.1	0
775137	750	748.44	1.5625	1	7	-0.7	0
776812	750	748.44	1.5625	1	7	-1.3	0
778473	750	748.44	1.5625	1	7	-2.6	0
780219	750	748.44	1.5625	1	7	-3.8	0
781895	750	748.44	1.5625	1	7	-4.9	0
783548	750	748.44	1.5625	1	7	-5.1	0
785279	750	748.44	1.5625	1	7	-4.5	0
786947	750	748.44	1.5625	1	7	-3.6	0
788609	750	748.44	1.5625	1	7	-2.8	0
790345	750	748.44	1.5625	1	7	-1.3	0
792041	750	748.44	1.5625	1	7	-0.2	0
793691	750	748.44	1.5625	1	7	-0.4	0
795399	750	748.44	1.5625	1	7	-0.1	0
797126	750	748.44	1.5625	1	7	-0.2	0
798790	750	748.44	1.5625	1	7	-0.1	0
800413	750	748.44	1.5625	1	7	-0.3	0
802134	750	748.44	1.5625	1	7	-0.1	0
803790	750	748.44	1.5625	1	7	-0.5	0
805490	750	748.44	1.5625	1	7	-0.2	0
807231	750	748.44	1.5625	1	7	-0.1	0
808877	750	748.44	1.5625	1	7	-0.2	0
810519	750	748.44	1.5625	1	7	-0.1	0
812241	750	748.44	1.5625	1	7	-0.3	0
813901	750	748.44	1.5625	1	7	-0.2	0
815599	750	748.44	1.5625	1	7	-0.2	0
817339	750	748.44	1.5625	1	7	-0.3	0
819054	750	748.44	1.5625	1	7	-0.3	0
820707	750	748.44	1.5625	1	7	-0.3	0
822409	750	748.44	1.5625	1	7	-0.3	0
824163	750	748.44	1.5625	1	7	-0.2	0
825813	750	748.44	1.5625	1	7	-0.3	0
827506	750	748.44	1.5625	1	7	-0.4	0
829253	750	748.44	1.5625	1	7	-0.3	0
830839	750	748.44	1.5625	1	7	-0.3	0
832528	750	748.44	1.5625	1	7	-0.3	0
834273	750	748.44	1.5625	1	7	-0.4	0
835945	750	748.44	1.5625	1	7	-0.3	0
837637	750	748.44	1.5625	1	7	-0.3	0
839373	750	748.44	1.5625	1	7	-0.3	0
841065	750	748.44	1.5625	1	7	-0.2	0
842704	750	748.44	1.5625	1	7	-0.2	0
844422	750	748.44	1.5625	1	7	-0.1	0
846136	750	748.44	1.5625	1	7	-0.3	0
847828	750	748.44	1.5625	1	7	0	0
849486	750	748.44	1.5625	1	7	-0.1	0
851200	750	748.44	1.5625	1	7	-0.2	0
852882	750	748.44	1.5625	1	7	-0.2	0
854564	750	748.44	1.5625	1	7	-0.3	0
856314	750	748.44	1.5625	1	7	-0.3	0
857964	750	748.44	1.5625	1	7	-0.2	0
859678	750	748.44	1.5625	1	7	-0.4	0
861394	750	748.44	1.5625	1	7	-0.2	0
863090	750	748.44	1.5625	1	7	-0.3	0
864773	750	748.44	1.5625	1	7	-0.2	0
866446	750	748.44	1.5625	1	7	-0.3	0
868148	750	748.44	1.5625	1	7	-0.2	0
869838	750	748.44	1.5625	1	7	-0.2	0
871520	750	748.44	1.5625	1	7	-0.3	0
873222	750	748.44	1.5625	1	7	-0.4	0
874877	750	748.44	1.5625	1	7	-0.1	0
876576	750	748.44	1.5625	1	7	-0.4	0
878296	750	748.44	1.5625	1	7	-0.3	0
879968	750	748.44	1.5625	1	7	-0.3	0
881653	750	748.44	1.5625	1	7	-0.2	0
883357	750	748.44	1.5625	1	7	-0.2	0
885058	750	748.44	1.5625	1	7	-0.1	0
886753	750	748.44	1.5625	1	7	-0.1	0
888451	750	748.44	1.5625	1	7	-0.3	0
890194	750	748.44	1.5625	1	7	-0.1	0
891879	750	748.44	1.5625	1	7	-0.4	0
893552	750	748.44	1.5625	1	7	-0.2	0
895268	750	748.44	1.5625	1	7	-0.4	0
896913	750	748.44	1.5625	1	7	-0.2	0
898612	750	748.44	1.5625	1	7	-0.3	0
900331	750	748.44	1.5625	1	7	0	0
902010	750	748.44	1.5625	1	7	-0.2	0
903703	750	748.44	1.5625	1	7	-0.2	0
905390	750	748.44	1.5625	1	7	-0.4	0
907112	750	748.44	1.5625	1	7	-0.1	0
908779	750	748.44	1.5625	1	7	-0.2	0
910434	750	748.44	1.5625	1	7	-0.3	0
912202	750	748.44	1.5625	1	7	-0.1	0
913855	750	748.44	1.5625	1	7	-0.3	0
915507	750	748.44	1.5625	1	7	-0.2	0
917249	750	748.44	1.5625	1	7	-0.2	0
918944	750	748.44	1.5625	1	7	-0.1	0
920591	750	748.44	1.5625	1	7	-0.4	0
922312	750	748.44	1.5625	1	7	-0.2	0
924011	750	748.44	1.5625	1	7	-0.2	0
925708	750	748.44	1.5625	1	7	-0.1	0
927390	750	748.44	1.5625	1	7	-0.5	0
929105	750	748.44	1.5625	1	7	-0.1	0
930802	750	748.44	1.5625	1	7	-0.3	0
932458	750	748.44	1.5625	1	7	-0.2	0
934291	870	748.44	121.5625	0	255	-0.6	0
935917	870	748.44	121.5625	0	255	-473.5	0
937541	870	748.44	121.5625	0	255	-930	0
939212	870	748.44	121.5625	0	255	-1049.3	0
940835	870	749.22	120.7812	0	255	-1167.7	80.13
942446	870	750.78	119.2188	0	255	-1087.8	162.15
944126	870	751.56	118.4375	0	255	-931.5	77.37
945760	870	753.91	116.0937	0	255	-841.4	238.62
947403	870	755.47	114.5312	0	255	-819.7	158.6
949092	870	757.81	112.1875	0	255	-714.9	231.82
950699	870	760.16	109.8437	0	255	-713.8	242.78
952380	870	762.5	107.5	0	255	-745.7	234.61
954054	870	765.62	104.375	0	255	-653.7	308
955674	870	767.97	102.0312	0	255	-757.6	240.68
957334	870	771.09	98.9063	0	255	-584.5	313.76
958974	870	774.22	95.7812	0	255	-687.7	318.55
960577	870	777.34	92.6562	0	255	-586.4	323.5
962269	870	781.25	88.75	0	255	-509.5	385.92
963881	870	785.16	84.8438	0	255	-544.6	410.75
965504	870	789.06	80.9375	0	255	-458.3	394.81
967178	870	792.19	77.8125	0	255	-396.2	309.84
968775	870	796.09	73.9062	0	255	-477.5	407.92
970417	870	800.78	69.2188	0	255	-441.6	476.95
972099	870	804.69	65.3125	0	255	-390.8	385.92
973720	870	809.38	60.625	0	255	-352.5	487.06
975365	870	814.06	55.9375	0	255	-361.7	471.2
977039	870	817.97	52.0312	0	255	-371.2	393.14
978628	870	822.66	47.3437	0	255	-332.1	485.25
980313	870	827.34	42.6563	0	255	-262.6	463.37
981918	870	832.03	37.9687	0	255	-343.9	487.37
983534	870	836.72	33.2812	0	255	-329.7	485.25
985280	870	842.19	27.8125	1	139	-245.7	535.84
986950	870	846.88	23.125	1	-255	-5.7	468.66
988656	870	851.56	18.4375	1	-255	1031	458.48
990396	870	857.03	12.9687	1	-255	1650.6	522.63
992148	870	860.94	9.0625	1	-255	1541	379.17
993793	870	864.06	5.9375	1	-255	1532.9	309.84
995502	870	867.19	2.8125	1	-255	913.7	308
997247	870	870.31	-0.3125	1	-255	615	295.09
998924	870	872.66	-2.6563	1	-180	573.2	233.49
1000647	870	874.22	-4.2188	1	-125	636.1	151.05
1002389	870	876.56	-6.5625	1	-170	850.1	223.6
1004109	870	878.12	-8.125	1	-122	788.7	151.94
1005820	870	879.69	-9.6875	1	-126	858.6	151.67
1007527	870	881.25	-11.25	1	-127	746.5	152.92
1009281	870	882.03	-12.0313	1	-92	837.5	74.49
1010950	870	882.81	-12.8125	1	-94	737.5	77.97
1012644	870	882.81	-12.8125	1	-64	615.8	0
1014374	870	882.81	-12.8125	1	-64	636.6	0
1016060	870	882.81	-12.8125	1	-64	462	0
1017746	870	883.59	-13.5937	1	-92	350.2	77.41
1019467	870	882.81	-12.8125	1	-41	304.1	-75.83
1021287	870	882.81	-12.8125	1	-64	322.6	0
1022957	870	882.81	-12.8125	1	-64	209.5	0
1024664	870	882.81	-12.8125	1	-64	289.8	0
1026386	870	882.03	-12.0313	1	-41	343.1	-74.7
1028097	870	881.25	-11.25	1	-38	285.9	-76.55
1029811	870	880.47	-10.4688	1	-34	138.6	-75.57
1031539	870	879.69	-9.6875	1	-31	94.4	-75.88
1033336	870	879.69	-9.6875	1	-48	26.9	0
1035026	870	878.91	-8.9063	1	-28	-11.4	-74.88
1036754	870	877.34	-7.3437	1	-6	45.5	-150.88
1038475	870	876.56	-6.5625	1	-18	1.1	-75.53
1040233	870	876.56	-6.5625	1	-32	-67.1	0
1041949	870	875.78	-5.7813	1	-15	-37	-76.64
1043642	870	875	-5	1	-11	22.4	-76.23
1045427	870	874.22	-4.2188	1	-8	-17.8	-74.07
1047165	870	873.44	-3.4375	1	-4	-75.5	-74.15
1048873	870	873.44	-3.4375	1	-17	-90.1	0
1050590	870	873.44	-3.4375	1	-17	-90	0
1052355	870	872.66	-2.6563	1	-1	-35.1	-73.27
1054114	870	871.88	-1.875	1	1	-17.5	-74.32
1055842	870	871.09	-1.0938	1	5	-78.2	-75.4
1057577	870	870.31	-0.3125	1	9	-89.8	-75.13
1059325	870	870.31	-0.3125	1	-1	-90.9	0
1061067	870	870.31	-0.3125	1	-1	-83.5	0
1062773	870	870.31	-0.3125	1	-1	-76.3	0
1064520	870	870.31	-0.3125	1	-1	-60.2	0
1066257	870	869.53	0.4687	1	11	-57.5	-72.58
1067959	870	869.53	0.4687	1	2	-437.1	0
1069636	870	869.53	0.4687	1	2	-87	0
1071340	870	869.53	0.4687	1	2	-37.6	0
1073034	870	869.53	0.4687	1	2	-5.7	0
1074701	870	869.53	0.4687	1	2	-1.6	0
1076411	870	869.53	0.4687	1	2	0.5	0
1078115	870	869.53	0.4687	1	2	0.6	0
1079796	870	869.53	0.4687	1	2	0.1	0
1081446	870	869.53	0.4687	1	2	-0.2	0
1083200	870	869.53	0.4687	1	2	-0.2	0
1084871	870	869.53	0.4687	1	2	-0.2	0
1086521	870	869.53	0.4687	1	2	0	0
1088257	870	869.53	0.4687	1	2	-0.4	0
1089947	870	869.53	0.4687	1	2	-0.4	0
1091606	870	869.53	0.4687	1	2	-0.1	0
1093333	870	869.53	0.4687	1	2	-0.2	0
1095023	870	869.53	0.4687	1	2	-0.2	0
1096732	870	869.53	0.4687	1	2	-0.1	0
1098400	870	869.53	0.4687	1	2	-0.2	0
1100130	870	869.53	0.4687	1	2	-0.3	0
1101814	870	869.53	0.4687	1	2	-0.2	0
1103470	870	869.53	0.4687	1	2	-0.2	0
1105216	870	869.53	0.4687	1	2	-0.5	0
1106876	870	869.53	0.4687	1	2	-0.4	0
1108518	870	869.53	0.4687	1	2	-0.2	0
1110227	870	869.53	0.4687	1	2	0.1	0
1111888	870	869.53	0.4687	1	2	-0.2	0
1113579	870	869.53	0.4687	1	2	-0.3	0
1115329	870	869.53	0.4687	1	2	0	0
1116997	870	869.53	0.4687	1	2	-0.4	0
1118650	870	869.53	0.4687	1	2	-0.1	0
1120374	870	869.53	0.4687	1	2	-0.2	0
1122065	870	869.53	0.4687	1	2	-0.3	0
1123733	870	869.53	0.4687	1	2	-0.2	0
1125416	870	869.53	0.4687	1	2	-0.1	0
1127129	870	869.53	0.4687	1	2	0.1	0
1128766	870	869.53	0.4687	1	2	-0.4	0
1130482	870	869.53	0.4687	1	2	0	0
1132222	870	869.53	0.4687	1	2	-0.3	0
1133923	870	869.53	0.4687	1	2	0	0
1135550	870	869.53	0.4687	1	2	-0.1	0
1137272	870	869.53	0.4687	1	2	-0.1	0
1138956	870	869.53	0.4687	1	2	-0.1	0
1140604	870	869.53	0.4687	1	2	-0.4	0
1142317	870	869.53	0.4687	1	2	-0.3	0
1143991	870	869.53	0.4687	1	2	0	0
1145627	870	869.53	0.4687	1	2	0	0
1147345	870	869.53	0.4687	1	2	0	0
1149074	870	869.53	0.4687	1	2	-0.3	0
1150755	870	869.53	0.4687	1	2	-0.2	0
1152442	870	869.53	0.4687	1	2	-0.3	0
1154181	870	869.53	0.4687	1	2	-0.4	0
1155826	870	869.53	0.4687	1	2	0	0
1157492	870	869.53	0.4687	1	2	-0.3	0
1159232	870	869.53	0.4687	1	2	-0.1	0
1160866	870	869.53	0.4687	1	2	-0.2	0
1162539	870	869.53	0.4687	1	2	-0.2	0
1164284	870	869.53	0.4687	1	2	-0.4	0
1165922	870	869.53	0.4687	1	2	-0.3	0
1167606	870	869.53	0.4687	1	2	-0.1	0
1169332	870	869.53	0.4687	1	2	0	0
1170976	870	869.53	0.4687	1	2	-0.2	0
1172648	870	869.53	0.4687	1	2	-0.4	0
1174372	870	869.53	0.4687	1	2	-0.2	0
1176052	870	869.53	0.4687	1	2	-0.3	0
1177702	870	869.53	0.4687	1	2	-0.3	0
1179404	870	869.53	0.4687	1	2	-0.3	0
1181098	870	869.53	0.4687	1	2	-0.1	0
1182782	870	869.53	0.4687	1	2	-0.4	0
1184552	1050	869.53	180.4687	0	255	0.1	0
1186244	1050	869.53	180.4687	0	255	-736.7	0
1187847	1050	869.53	180.4687	0	255	-1027.3	0
1189471	1050	870.31	179.6875	0	255	-1258.5	81.03
1191133	1050	870.31	179.6875	0	255	-1250.7	0
1192743	1050	871.88	178.125	0	255	-912.3	161.55
1194366	1050	873.44	176.5625	0	255	-884.7	160.26
1196009	1050	875	175	0	255	-831.9	159.57
1197648	1050	876.56	173.4375	0	255	-923.4	158.5
1199392	1050	879.69	170.3125	0	255	-727.3	309.28
1200969	1050	882.03	167.9687	0	255	-731.6	237.9
1202603	1050	884.37	165.625	0	255	-664.8	239.35
1204277	1050	886.72	163.2812	0	255	-645.1	232.51
1205885	1050	889.84	160.1562	0	255	-632.9	324.91
1207541	1050	892.97	157.0312	0	255	-588.3	315.85
1209203	1050	896.09	153.9062	0	255	-523.7	311.88
1210844	1050	899.22	150.7812	0	255	-559.4	316.81
1212464	1050	903.13	146.875	0	255	-486.7	404.37
1214114	1050	907.03	142.9687	0	255	-592.7	391.96
1215736	1050	910.94	139.0625	0	255	-482.4	401.13
1217417	1050	914.06	135.9375	0	255	-427.4	315.66
1219064	1050	918.75	131.25	0	255	-414.2	468.66
1220679	1050	922.66	127.3437	0	255	-428.4	400.64
1222326	1050	926.56	123.4375	0	255	-360.2	395.29
1223968	1050	931.25	118.75	0	255	-320.1	477.54
1225613	1050	935.94	114.0625	0	255	-370.8	475.5
1227280	1050	940.62	109.375	0	255	-342.2	468.66
1228910	1050	945.31	104.6875	0	255	-296.9	478.71
1230545	1050	949.22	100.7812	0	255	-307.3	400.89
1232219	1050	954.69	95.3125	0	255	-279.1	542.21
1233825	1050	958.59	91.4062	0	255	-271	404.88
1235460	1050	964.06	85.9375	0	255	-308	557.81
1237141	1050	968.75	81.25	0	255	-290.7	465.03
1238778	1050	973.44	76.5625	0	255	-238	476.37
1240382	1050	978.91	71.0937	0	255	-238.9	565.77
1242017	1050	983.59	66.4063	0	255	-193.9	478.12
1243626	1050	989.06	60.9375	0	255	-154.9	568.6
1245304	1050	994.53	55.4687	0	255	-221.7	547.09
1246935	1050	999.22	50.7812	0	255	-120.3	475.5
1248615	1050	1004.69	45.3125	0	255	-161.8	555.09
1250276	1050	1010.16	39.8438	0	255	-155	536.47
1251895	1050	1014.84	35.1562	0	255	-128.2	481.36
1253528	1050	1020.31	29.6875	1	148	-180.2	573.97
1255285	1050	1025.78	24.2187	1	-255	74.5	521.43
1256948	1050	1030.47	19.5313	1	-255	627.4	469.78
1258650	1050	1035.94	14.0625	1	-255	1908.4	551.4
1260360	1050	1040.63	9.375	1	-255	1623	440.39
1262069	1050	1044.53	5.4687	1	-255	1527.1	383.42
1263748	1050	1047.66	2.3437	1	-255	1581.9	309.47
1265429	1050	1050	0	1	-195	1378.3	232.38
1267186	1050	1052.34	-2.3437	1	-179	1342.7	222.45
1268887	1050	1054.69	-4.6875	1	-169	1413.8	233.35
1270566	1050	1055.47	-5.4688	1	-73	1098.9	76.73
1272327	1050	1057.81	-7.8125	1	-162	1090.6	221.44
1274038	1050	1057.81	-7.8125	1	-39	731.4	0
1275744	1050	1058.59	-8.5937	1	-78	936.8	78.11
1277419	1050	1059.38	-9.375	1	-79	549.7	75.83
1279183	1050	1059.38	-9.375	1	-46	494.5	0
1280873	1050	1060.16	-10.1562	1	-78	473.3	77.37
1282569	1050	1060.16	-10.1562	1	-50	316.2	0
1284331	1050	1059.38	-9.375	1	-21	363.7	-73.4
1286075	1050	1059.38	-9.375	1	-46	338	0
1287818	1050	1058.59	-8.5937	1	-19	87.2	-77.23
1289517	1050	1057.81	-7.8125	1	-17	153.6	-74.83
1291299	1050	1057.81	-7.8125	1	-39	25.1	0
1292977	1050	1057.81	-7.8125	1	-39	-17.3	0
1294674	1050	1057.03	-7.0312	1	-16	30.8	-76.55
1296406	1050	1056.25	-6.25	1	-13	45.5	-75.13
1298181	1050	1056.25	-6.25	1	-31	-2.2	0
1299909	1050	1055.47	-5.4688	1	-10	-14.3	-77.83
1301620	1050	1054.69	-4.6875	1	-7	84.5	-74.11
1303371	1050	1054.69	-4.6875	1	-23	12.5	0
1305103	1050	1054.69	-4.6875	1	-23	-53.1	0
1306801	1050	1053.91	-3.9063	1	-4	-1.4	-76.86
1308526	1050	1053.13	-3.125	1	-1	1.2	-75.75
1310290	1050	1052.34	-2.3437	1	1	-61.4	-73.48
1312027	1050	1052.34	-2.3437	1	-11	-74.8	0
1313732	1050	1051.56	-1.5625	1	5	-79.2	-74.75
1315462	1050	1051.56	-1.5625	1	-7	-33.9	0
1317241	1050	1051.56	-1.5625	1	-7	-57.3	0
1318918	1050	1051.56	-1.5625	1	-7	-22.1	0
1320627	1050	1051.56	-1.5625	1	-7	-17.8	0
1322369	1050	1051.56	-1.5625	1	-7	-14.4	0
1324113	1050	1050.78	-0.7812	1	7	-11.9	-75
1325811	1050	1050.78	-0.7812	1	-3	6.3	0
1327513	1050	1050.78	-0.7812	1	-3	-6.4	0
1329284	1050	1050.78	-0.7812	1	-3	-6.1	0
1330968	1050	1050.78	-0.7812	1	-3	-2.9	0
1332703	1050	1050	0	1	9	-1.4	-75.26
1334420	1050	1050	0	1	0	2	0
1336156	1050	1050	0	1	0	-3.1	0
1337821	1050	1050	0	1	0	-1.5	0
1339514	1050	1050	0	1	0	1.6	0
1341238	1050	1050	0	1	0	2.2	0
1342851	1050	1050	0	1	0	2.8	0
1344520	1050	1050	0	1	0	2.8	0
1346236	1050	1050	0	1	0	3.2	0
1347867	1050	1050	0	1	0	3.2	0
1349530	1050	1050	0	1	0	3.4	0
1351264	1050	1050	0	1	0	3.4	0
1352906	1050	1050	0	1	0	3.2	0
1354564	1050	1050	0	1	0	3	0
1356296	1050	1050	0	1	0	3.2	0
1357930	1050	1050.78	-0.7812	1	-11	3.2	78.34
1359588	1050	1050.78	-0.7812	1	-3	2.9	0
1361339	1050	1050.78	-0.7812	1	-3	34.2	0
1363021	1050	1050.78	-0.7812	1	-3	19	0
1364725	1050	1050.78	-0.7812	1	-3	15.7	0
1366460	1050	1050.78	-0.7812	1	-3	8.1	0
1368211	1050	1050.78	-0.7812	1	-3	10.4	0
1369878	1050	1050.78	-0.7812	1	-3	14.4	0
1371578	1050	1050.78	-0.7812	1	-3	15.9	0
1373341	1050	1050.78	-0.7812	1	-3	13.8	0
1374971	1050	1050.78	-0.7812	1	-3	11.5	0
1376680	1050	1050.78	-0.7812	1	-3	10.9	0
1378426	1050	1050.78	-0.7812	1	-3	3.6	0
1380139	1050	1050.78	-0.7812	1	-3	6.5	0
1381819	1050	1050.78	-0.7812	1	-3	11.1	0
1383534	1050	1050.78	-0.7812	1	-3	13.3	0
1385255	1050	1050.78	-0.7812	1	-3	15.8	0
1386956	1050	1050.78	-0.7812	1	-3	13.4	0
1388631	1050	1050.78	-0.7812	1	-3	12.3	0
1390357	1050	1050.78	-0.7812	1	-3	10.4	0
1392053	1050	1050.78	-0.7812	1	-3	14	0
1393675	1050	1050.78	-0.7812	1	-3	6.6	0
1395376	1050	1050.78	-0.7812	1	-3	10	0
1397099	1050	1050.78	-0.7812	1	-3	13.7	0
1398792	1050	1050.78	-0.7812	1	-3	15.4	0
1400515	1050	1050.78	-0.7812	1	-3	14.2	0
1402267	1050	1050.78	-0.7812	1	-3	11.8	0
1403968	1050	1050.78	-0.7812	1	-3	11	0
1405669	1050	1050.78	-0.7812	1	-3	3	0
1407376	1050	1050.78	-0.7812	1	-3	8.3	0
1409078	1050	1050.78	-0.7812	1	-3	10.4	0
1410805	1050	1050.78	-0.7812	1	-3	13.8	0
1412564	1050	1050.78	-0.7812	1	-3	15.5	0
1414290	1050	1050.78	-0.7812	1	-3	13.4	0
1415991	1050	1050.78	-0.7812	1	-3	11.4	0
1417696	1050	1050.78	-0.7812	1	-3	10.4	0
1419421	1050	1050.78	-0.7812	1	-3	4.1	0
1421189	1050	1050.78	-0.7812	1	-3	6.9	0
1422881	1050	1050.78	-0.7812	1	-3	11.3	0
1424552	1050	1050.78	-0.7812	1	-3	12.5	0
1426310	1050	1050.78	-0.7812	1	-3	15.6	0
1427982	1050	1050.78	-0.7812	1	-3	13.1	0
1429716	1050	1050.78	-0.7812	1	-3	11.9	0
1431429	1050	1050.78	-0.7812	1	-3	10	0
1433173	1050	1050.78	-0.7812	1	-3	15.4	0
1435014	1050	1050.78	-0.7812	1	-3	7.1	0
1436754	1050	1050.78	-0.7812	1	-3	12.2	0
1438440	1050	1050.78	-0.7812	1	-3	13.3	0
1440198	1050	1050.78	-0.7812	1	-3	15.2	0
1441896	1050	1050.78	-0.7812	1	-3	12.3	0
1443543	1050	1050.78	-0.7812	1	-3	11.9	0
1445320	1050	1050.78	-0.7812	1	-3	9.4	0
1447006	1050	1050.78	-0.7812	1	-3	2.8	0
1448664	1050	1050.78	-0.7812	1	-3	8.1	0
1450403	1050	1050.78	-0.7812	1	-3	11	0
1452156	1050	1050.78	-0.7812	1	-3	14	0
1453879	1050	1050.78	-0.7812	1	-3	14.5	0
1455556	1050	1050.78	-0.7812	1	-3	13	0
1457293	1050	1050.78	-0.7812	1	-3	11.4	0
1458949	1050	1050.78	-0.7812	1	-3	10.2	0
1460623	1050	1050.78	-0.7812	1	-3	4.1	0
1462364	1050	1050.78	-0.7812	1	-3	6.7	0
1464084	1050	1050.78	-0.7812	1	-3	11.3	0
1465771	1050	1050.78	-0.7812	1	-3	15.8	0
1467493	1050	1050.78	-0.7812	1	-3	15.3	0
1469270	1050	1050.78	-0.7812	1	-3	12.9	0
1470988	1050	1050.78	-0.7812	1	-3	11.6	0
1472686	1050	1050.78	-0.7812	1	-3	9.8	0
1474396	1050	1050.78	-0.7812	1	-3	5.9	0
1476124	1050	1050.78	-0.7812	1	-3	8.6	0
1477795	1050	1050.78	-0.7812	1	-3	12.7	0
1479481	1050	1050.78	-0.7812	1	-3	14	0
1481243	1050	1050.78	-0.7812	1	-3	14.5	0
1482930	1050	1050.78	-0.7812	1	-3	12.5	0
1484634	1050	1050.78	-0.7812	1	-3	11.2	0
1486386	1050	1050.78	-0.7812	1	-3	14.2	0
1488119	1050	1050.78	-0.7812	1	-3	4.3	0
1489792	1050	1050.78	-0.7812	1	-3	8.5	0
1491464	1050	1050.78	-0.7812	1	-3	11.8	0
1493223	1050	1050.78	-0.7812	1	-3	14.9	0
1494885	1050	1050.78	-0.7812	1	-3	14.1	0
1496595	1050	1050.78	-0.7812	1	-3	13.1	0
1498351	1050	1050.78	-0.7812	1	-3	11.1	0
1500073	1050	1050.78	-0.7812	1	-3	10.2	0
1501739	1050	1050.78	-0.7812	1	-3	4.9	0
1503452	1050	1050.78	-0.7812	1	-3	9.6	0
1505211	1050	1050.78	-0.7812	1	-3	11.8	0
1506894	1050	1050.78	-0.7812	1	-3	16.2	0
1508579	1050	1050.78	-0.7812	1	-3	15.1	0
1510319	1050	1050.78	-0.7812	1	-3	12.5	0
1511985	1050	1050.78	-0.7812	1	-3	11.6	0
1513683	1050	1050.78	-0.7812	1	-3	14.3	0
1515416	1050	1050.78	-0.7812	1	-3	6.7	0
1517190	1050	1050.78	-0.7812	1	-3	9.2	0
1518851	1050	1050.78	-0.7812	1	-3	12.8	0
1520538	1050	1050.78	-0.7812	1	-3	14.7	0
1522294	1050	1050.78	-0.7812	1	-3	14.2	0
1523959	1050	1050.78	-0.7812	1	-3	12.1	0
1525622	1050	1050.78	-0.7812	1	-3	11.1	0
1527362	1050	1050.78	-0.7812	1	-3	14.7	0
1529050	1050	1050.78	-0.7812	1	-3	5.3	0
1530759	1050	1050.78	-0.7812	1	-3	9.5	0
1532459	1050	1050.78	-0.7812	1	-3	11.5	0
1534194	1050	1050.78	-0.7812	1	-3	15.8	0
1535898	1050	1050.78	-0.7812	1	-3	13.7	0
1537598	1050	1050.78	-0.7812	1	-3	12.6	0
1539377	1050	1050.78	-0.7812	1	-3	10.7	0
1541144	1050	1050.78	-0.7812	1	-3	9.4	0
1542803	1050	1050.78	-0.7812	1	-3	5.6	0
1544493	1050	1050.78	-0.7812	1	-3	11.1	0
1546226	1050	1050.78	-0.7812	1	-3	13.3	0
1547922	1050	1050.78	-0.7812	1	-3	15.9	0
1549636	1050	1050.78	-0.7812	1	-3	14.6	0
1551391	1050	1050.78	-0.7812	1	-3	12	0
1553088	1050	1050.78	-0.7812	1	-3	10.2	0
1554779	1050	1050.78	-0.7812	1	-3	14.2	0
1556479	1050	1050.78	-0.7812	1	-3	6.7	0
1558202	1050	1050.78	-0.7812	1	-3	9.8	0
1559880	1050	1050.78	-0.7812	1	-3	14.2	0
1561570	1050	1050.78	-0.7812	1	-3	15.8	0
1563290	1050	1050.78	-0.7812	1	-3	14	0
1564961	1050	1050.78	-0.7812	1	-3	11.7	0
1566652	1050	1050.78	-0.7812	1	-3	10.7	0
1568371	1050	1050.78	-0.7812	1	-3	3.4	0
1570108	1050	1050.78	-0.7812	1	-3	6.2	0
1571810	1050	1050.78	-0.7812	1	-3	10	0
1573529	1050	1050.78	-0.7812	1	-3	12.8	0
1575205	1050	1050.78	-0.7812	1	-3	16	0
1576891	1050	1050.78	-0.7812	1	-3	13.8	0
1578602	1050	1050.78	-0.7812	1	-3	12.6	0
1580330	1050	1050.78	-0.7812	1	-3	10.5	0
1582023	1050	1050.78	-0.7812	1	-3	14.7	0
1583741	1050	1050.78	-0.7812	1	-3	6.6	0
1585444	1050	1050.78	-0.7812	1	-3	11.5	0
1587209	1050	1050.78	-0.7812	1	-3	13	0
1588900	1050	1050.78	-0.7812	1	-3	15.4	0
1590607	1050	1050.78	-0.7812	1	-3	13.9	0
1592296	1050	1050.78	-0.7812	1	-3	11.9	0
1594004	1050	1050.78	-0.7812	1	-3	10.7	0
1595703	1050	1050.78	-0.7812	1	-3	2.2	0
1597424	1050	1050.78	-0.7812	1	-3	8.5	0
1599161	1050	1050.78	-0.7812	1	-3	9.9	0
1600878	1050	1050.78	-0.7812	1	-3	13.8	0
1602563	1050	1050.78	-0.7812	1	-3	16.2	0
1604334	1050	1050.78	-0.7812	1	-3	13.5	0
1606030	1050	1050.78	-0.7812	1	-3	11.5	0
1607756	1050	1050.78	-0.7812	1	-3	10.1	0
1609439	1050	1050.78	-0.7812	1	-3	4.4	0
1611179	1050	1050.78	-0.7812	1	-3	6.4	0
1612865	1050	1050.78	-0.7812	1	-3	11.8	0
1614541	1050	1050.78	-0.7812	1	-3	13.1	0
1616311	1050	1050.78	-0.7812	1	-3	15.3	0
1617990	1050	1050.78	-0.7812	1	-3	12.7	0
1619645	1050	1050.78	-0.7812	1	-3	11.6	0
1621395	1050	1050.78	-0.7812	1	-3	9.8	0
1623105	1050	1050.78	-0.7812	1	-3	2.1	0
1624833	1050	1050.78	-0.7812	1	-3	8.2	0
1626499	1050	1050.78	-0.7812	1	-3	12.7	0
1628249	1050	1050.78	-0.7812	1	-3	13.9	0
1629913	1050	1050.78	-0.7812	1	-3	14.8	0
1631583	1050	1050.78	-0.7812	1	-3	13.4	0
1633338	1050	1050.78	-0.7812	1	-3	11.3	0
1635030	1050	1050.78	-0.7812	1	-3	10.4	0
1636710	1050	1050.78	-0.7812	1	-3	3.6	0
1638456	1050	1050.78	-0.7812	1	-3	9.4	0
1640215	1050	1050.78	-0.7812	1	-3	10.7	0
1641923	1050	1050.78	-0.7812	1	-3	15.5	0
1643598	1050	1050.78	-0.7812	1	-3	15.6	0
1645345	1050	1050.78	-0.7812	1	-3	12.8	0
1647061	1050	1050.78	-0.7812	1	-3	11.1	0
1648722	1050	1050.78	-0.7812	1	-3	10.2	0
1650453	1050	1050.78	-0.7812	1	-3	4.9	0
1652210	1050	1050.78	-0.7812	1	-3	8.2	0
1653878	1050	1050.78	-0.7812	1	-3	11.8	0
1655593	1050	1050.78	-0.7812	1	-3	14.5	0
1657354	1050	1050.78	-0.7812	1	-3	14.7	0
1659067	1050	1050.78	-0.7812	1	-3	12.4	0
1660742	1050	1050.78	-0.7812	1	-3	11.3	0
1662469	1050	1050.78	-0.7812	1	-3	14.4	0
1664217	1050	1050.78	-0.7812	1	-3	3.5	0
1665876	1050	1050.78	-0.7812	1	-3	9.3	0
1667551	1050	1050.78	-0.7812	1	-3	12.8	0
1669311	1050	1050.78	-0.7812	1	-3	15.6	0
1670958	1050	1050.78	-0.7812	1	-3	14.2	0
1672663	1050	1050.78	-0.7812	1	-3	12.9	0
1674406	1050	1050.78	-0.7812	1	-3	10.9	0
1676174	1050	1050.78	-0.7812	1	-3	1.8	0
1677847	1050	1050.78	-0.7812	1	-3	5.7	0
1679534	1050	1050.78	-0.7812	1	-3	10.5	0
1681324	1050	1050.78	-0.7812	1	-3	12.6	0
1683001	1050	1050.78	-0.7812	1	-3	16.1	0
1684705	1050	1050.78	-0.7812	1	-3	14.8	0
1686557	1050	1050.78	-0.7812	1	-3	12.2	0
1688330	1050	1050.78	-0.7812	1	-3	10.3	0
